%YAML:1.0

beilv: 1
M1: !!opencv-matrix
   rows: 3
   cols: 3
   dt: d
   data: [746.9896534934354, 0.0, 507.84668449846305, 0.0, 747.4223296367404, 396.32432270383185, 0.0, 0.0, 1.0]
D1: !!opencv-matrix
   rows: 1
   cols: 5
   dt: d
   data: [-0.10578757477590667, 0.05994585793130953, 0.0013897442752882575, -0.00017052645256576698, 0.0]
M2: !!opencv-matrix
   rows: 3
   cols: 3
   dt: d
   data: [742.3422241237573, 0.0, 533.1882514340246, 0.0, 740.7631866940137, 391.6076939652372, 0.0, 0.0, 1.0]
D2: !!opencv-matrix
   rows: 1
   cols: 5
   dt: d
   data: [-0.11287522628727294, 0.06275334593758032, 8.369046553983129e-05, 0.0022649847838039604, 0.0]

x: 1024
y: 768
numberOfDisparities: 256
UniquenessRatio: 15
sgbmWinSize: 3

convertint: 256

SpeckleWindowSize: 300
SpeckleRange: 5
setDisp12MaxDiff: 1
min: 0
max: 32
PreFilterCap: 12

maxl: 15
minl: 0
R: !!opencv-matrix
   rows: 3
   cols: 3
   dt: d
   data: [0.9980325182549079, -0.0031245309602958658, -0.06262052229137892, 0.00535196751164399, 0.9993576775567171, 0.035434287804313916, 0.062469584195200455, -0.03569971449077422, 0.9974081819574953]
T: [-0.19870921417702794, 0.0018341133095372815, -0.010428351875396896]
R1: !!opencv-matrix
   rows: 3
   cols: 3
   dt: d
   data: [0.9998430833217918, -0.01420212860518998, -0.010588119599538412, 0.014386143681655956, 0.9997431745909781, 0.017510674707845748, 0.010336711447227007, -0.01766024920081492, 0.9997906120756596]
R2: !!opencv-matrix
   rows: 3
   cols: 3
   dt: d
   data: [0.9985833188773355, -0.009217061037761098, 0.05240611649179913, 0.010137583109346442, 0.999798489573267, -0.017326559257829634, -0.052235856158647655, 0.017833284409782046, 0.9984755326489142]
P1: !!opencv-matrix
   rows: 3
   cols: 4
   dt: d
   data: [764.7799811828387, 0.0, 499.8604431152344, 0.0, 0.0, 764.7799811828387, 394.36278533935547, 0.0, 0.0, 0.0, 1.0, 0.0]
P2: !!opencv-matrix
   rows: 3
   cols: 4
   dt: d
   data: [764.7799811828387, 0.0, 499.8604431152344, -152.18442588247535, 0.0, 764.7799811828387, 394.36278533935547, 0.0, 0.0, 0.0, 1.0, 0.0]
