%YAML:1.0

beilv: 1


M1: !!opencv-matrix
   rows: 3
   cols: 3
   dt: d
   data: [2.3648357320063697e+03,0.,2.0566450533768011e+03,0.,2.3648357320063697e+03,1.1051473975475215e+03,0.,0.,1.]
D1: !!opencv-matrix
   rows: 1
   cols: 14
   dt: d
   data: [-8.2589010058207413e-01 ,-3.7783321511773182e-01,-1.4252746193866387e-04, -1.8813324378275952e-04,2.2119970226773575e-01, -6.7484411797811550e-01,-6.2465526665027038e-01, 3.1807139699404408e-01, 0., 0., 0., 0., 0., 0.]
M2: !!opencv-matrix
   rows: 3
   cols: 3
   dt: d
   data: [2.3758090192368827e+03, 0., 2.0282868521914613e+03, 0.,2.3758090192368827e+03, 1.0722585276675586e+03, 0., 0., 1.]
D2: !!opencv-matrix
   rows: 1
   cols: 14
   dt: d
   data: [-8.7201744221710087e-01, -5.1979007033456448e-01,-6.5476155794740650e-04, 1.5041822440649386e-04,4.1209952363140823e-01, -7.1925545782625433e-01,-7.8634756655791938e-01, 5.2721008689161741e-01, 0., 0., 0., 0.,0., 0.]

x: 4096
y: 2168
numberOfDisparities: 512
UniquenessRatio: 20
sgbmWinSize: 5

SpeckleWindowSize: 700 #越大信息越少杂点越少
SpeckleRange: 1  #散斑阈值，越大 小散点越多
setDisp12MaxDiff: 1
min: 0
max: 32
PreFilterCap: 12
p1: 60
p2: 90
maxl: 50
minl: 2
R: !!opencv-matrix
   rows: 3
   cols: 3
   dt: d
   data: [9.9997616815474255e-01, -3.6015186610695565e-03,5.8900072913421232e-03, 3.6226653352404124e-03, 9.9998701717169469e-01,-3.5835434873926282e-03, -5.8770246236461441e-03,3.6047956101773015e-03, 9.9997623273264968e-01]
T: [-9.9982242110923869e-01, -4.7020610581388058e-03,-1.7824999859221706e-03]
R1: !!opencv-matrix
   rows: 3
   cols: 3
   dt: d
   data: [9.9997008014146449e-01, 1.1077291543377641e-03, 7.6558316330707704e-03,-1.0939036925939117e-03, 9.9999776395188189e-01,-1.8098248388937995e-03, -7.6578193100011573e-03,1.8013959466973276e-03, 9.9996905590926100e-01]
R2: !!opencv-matrix
   rows: 3
   cols: 3
   dt: d
   data: [9.9998735240617176e-01, 4.7028367129001479e-03, 1.7827940281606902e-03,-4.7060481122510557e-03, 9.9998730389163404e-01,1.8014346243182180e-03, -1.7742995407273965e-03,-1.8098017549755640e-03, 9.9999678823421612e-01]
P1: !!opencv-matrix
   rows: 3
   cols: 4
   dt: d
   data: [2.3554840635596106e+03, 0., 2.0440189437866211e+03, 0., 0.,2.3554840635596106e+03, 1.0855935840606689e+03, 0., 0., 0., 1., 0.]
P2: !!opencv-matrix
   rows: 3
   cols: 4
   dt: d
   data: [2.3554840635596106e+03, 0., 2.0440189437866211e+03,-2.3550955656045385e+03, 0., 2.3554840635596106e+03,1.0855935840606689e+03, 0., 0., 0., 1., 0.]
Q: !!opencv-matrix
   rows: 4
   cols: 4
   dt: d
   data: [1., 0., 0., -2.0440189437866211e+03, 0., 1., 0., -1.0855935840606689e+03, 0.,0., 0., 2.3554840635596106e+03, 0., 0., 1.0001649605904515e-03, 0.]

disp_min: 0
disp_max: 255
support_threshold     : 1.55
support_texture       : 10
candidate_stepsize    : 3
incon_window_size     : 3
incon_threshold       : 3
incon_min_support     : 3
add_corners           : 0
grid_size             : 20
beta                  : 0.02
gamma                 : 10
sigma                 : 1
sradius               : 12
match_texture         : 1 #纹理匹配
lr_threshold          : 2
speckle_sim_threshold : 1
speckle_size          : 600
ipol_gap_width        : 8000
filter_median         : 0
filter_adaptive_mean  : 1
postprocess_only_left : 1
subsampling           : 0
